1 2
2 3
2 4
4 5
5 6
4 6
6 2
6 7
7 8
8 9
8 10
10 8
10 11
11 12
12 13
11 13
13 14
14 15
14 16
16 14
15 17
14 17
17 18
18 19
18 20
20 21
20 22
22 23
23 24
22 24
24 18
24 25
21 25
25 26
26 27
25 27
27 28
28 29
28 30
30 31
30 32
32 33
33 34
32 34
34 28
34 35
31 35
35 36
36 37
35 37
37 38
38 39
38 40
40 41
40 42
42 43
43 44
42 44
44 38
44 45
41 45
45 46
46 47
45 47
47 48
48 49
48 50
50 51
50 52
52 53
53 54
52 54
54 48
54 55
51 55
55 56
56 57
55 57
57 58
58 59
58 60
60 61
60 62
62 63
63 64
62 64
64 58
64 65
61 65
65 66
66 67
65 67
67 68
68 69
67 69
69 70
70 71
70 72
72 70
72 73
73 74
73 75
initial nodes:1
final nodes:3 39 71 9 74 75 49 19 59 29
